# ==============================================================================
# _dataCaseStudy_K8.R
# Versão com K = 8 clusters
# hAI gerado automaticamente a partir de clAI
# ==============================================================================

data <- list(
  N = 75,
  
  AI = c(
    -83.84,-75.69,-72.98,-40.01,-39.93,-31.28,-27.47,-23.89, 3.71,
    5.04,5.26,5.72,8.03,9.01,13.17,13.25,18.89,
    24.08,27.06,28.38,33.62,35.44,38.70,
    39.14,39.92,44.24,44.49,48.59,50.00,50.00,50.21,
    54.52,55.80,56.14,57.16,57.61,59.11,56.86,60.07,
    60.88,60.95,61.74,63.74,65.77,65.86,69.77,71.45,
    71.95,72.95,73.83,75.64,76.61,77.17,77.83,78.04,
    78.17,78.19,78.30,79.86,82.15,82.79,
    84.47,86.83,86.94,88.11,88.23,89.65,89.75,90.69,
    91.94,92.20,92.73,98.61,100.00
  ),
  
  # 1 = melhor, 8 = pior
  clAI = c(
    8,8,8,8,8,8,8,8,8,
    7,7,7,7,7,7,7,7,
    6,6,6,6,6,6,6,
    5,5,5,5,5,5,5,
    4,4,4,4,4,4,4,4,
    3,3,3,3,3,3,3,3,
    2,2,2,2,2,2,2,2,2,2,2,2,2,2,
    1,1,1,1,1,1,1,1,1,1,1,1,1,1
  ),
  
  Y1999_2001 = c(
    77,6,38,248,8,113,130,307,182,178,41,45,57,128,29,200,141,
    84,84,386,134,100,79,126,54,170,72,138,23,17,33,
    98,45,17,113,186,138,14,188,454,117,277,42,29,130,174,46,
    91,70,137,71,165,111,213,177,36,92,72,44,46,531,163,
    99,33,75,32,98,61,42,70,193,343,111,1390,78
  ),
  
  E1999_2001 = c(
    103.57755,17.70690,76.21132,356.81312,26.97449,81.53906,140.78219,
    211.65457,148.20297,175.96095,48.80031,31.09341,40.69678,98.64155,
    54.88916,164.04069,105.11095,71.07385,139.88677,290.74242,116.53873,
    82.82622,66.98850,134.18967,54.92274,139.84200,71.54395,99.68248,
    35.80555,17.80764,37.84263,73.45790,42.25257,18.77021,95.40685,
    196.14144,120.06444,14.97588,187.08652,369.04677,122.72831,272.93478,
    27.70201,31.38442,134.53664,147.82242,45.43130,68.04062,67.10043,
    125.70558,73.74891,145.97562,101.08157,206.71858,150.68776,36.57785,
    80.00565,59.00809,48.03921,37.55162,536.56840,110.78567,87.20258,
    37.50685,53.84824,42.45403,132.26452,54.50861,53.84824,85.84826,
    201.87212,404.63966,156.40724,1743.69340,96.17915
  ),
  
  # (demais vetores permanecem exatamente iguais — omitidos aqui por brevidade)
  
  num = c(
    6,5,5,4,5,4,3,7,3,7,5,6,3,4,4,4,8,6,4,8,6,4,7,3,6,9,5,7,2,3,
    2,4,5,2,7,8,3,5,9,5,8,5,4,2,6,2,9,3,9,6,6,7,5,6,6,5,2,7,5,3,
    9,5,5,4,4,5,6,4,4,6,5,6,3,9,2
  ),
  
  adj = c(
    2,3,5,12,17,18,
    1,4,5,6,17,
    1,5,7,12,19,
    2,6,17,31,
    1,2,3,6,7,
    2,4,5,7,
    3,5,6,
    9,12,15,19,21,30,58,
    8,15,19,
    11,18,27,28,39,58,74,
    10,17,18,20,28,
    1,3,8,18,19,58,
    14,17,20,
    13,20,23,42,
    8,9,21,36,
    22,26,45,68,
    1,2,4,11,13,18,20,31,
    1,10,11,12,17,58,
    3,8,9,12,
    11,13,14,17,23,28,67,73,
    8,15,27,30,36,58,
    16,26,42,45,
    14,20,32,35,42,67,73,
    57,64,71,
    36,41,49,51,63,66,
    16,22,33,45,47,62,65,68,70,
    10,21,36,39,58,
    10,11,20,39,55,67,74,
    41,48,
    8,21,58,
    4,17,
    23,35,55,67,
    26,44,65,68,70,
    40,54,
    23,32,42,45,47,55,56,
    15,21,25,27,37,39,51,66,
    36,51,71,
    40,43,52,54,72,
    10,27,28,36,53,60,61,66,74,
    34,38,46,52,54,
    25,29,48,49,51,54,64,72,
    14,22,23,35,45,
    38,52,59,72,
    33,68,
    16,22,26,35,42,47,
    40,52,
    26,35,45,49,50,56,61,62,74,
    29,41,54,
    25,41,47,50,59,61,63,69,72,
    47,49,52,59,62,70,
    25,36,37,41,64,71,
    38,40,43,46,50,59,70,
    39,61,63,66,69,
    34,38,40,41,48,72,
    28,32,35,56,67,74,
    35,47,55,61,74,
    24,71,
    8,10,12,18,21,27,30,
    43,49,50,52,72,
    39,61,74,
    39,47,49,53,56,60,69,74,75,
    26,47,50,65,70,
    25,49,53,66,69,
    24,41,51,71,
    26,33,62,70,
    25,36,39,53,63,
    20,23,28,32,55,73,
    16,26,33,44,
    49,53,61,63,
    26,33,50,52,62,65,
    24,37,51,57,64,
    38,41,43,49,54,59,
    20,23,67,
    10,28,39,47,55,56,61,60,75,
    61,74
  ),
  
  sumNumNeigh = 386
)

# ==============================================================================
# Construção correta de hAI a partir de clAI
# ==============================================================================

K <- max(data$clAI)

data$hAI <- outer(data$clAI, 1:K, function(ci, k) as.integer(ci >= k))

attach(data)

# ==============================================================================
# Verificação
# ==============================================================================

stopifnot(
  length(data$clAI) == data$N,
  all(data$clAI %in% 1:K),
  all(dim(data$hAI) == c(data$N, K)),
  all(data$hAI[,1] == 1),
  all(diff(colSums(data$hAI)) < 0),
  all(data$hAI %in% c(0,1))
)

cat("Estrutura K=8 verificada: OK\n")
cat(sprintf("Tamanhos dos clusters (1=melhor, 8=pior): %s\n",
            paste(table(data$clAI)[as.character(1:K)], collapse = " | ")))